	country	prostitutionStatus	population	prostitutesPer10K	region	gdp	literacy	pplGrowth	agriculture	hpi
0	Afghanistan	1	38041.754	4	Asia	700.0	36.0	26	0.38	20.225349770957084
1	Albania	1	2880.917	60	Europe	4500.0	86.5	10	0.232	36.766874439109955
2	Angola	1	31825.295	12	Africa	1900.0	42.0	21	0.096	35.190243642294554
3	Antigua and Barbuda	1	97.118	75	SouthAmerica	11200.0	97.1	9	0.095	27.88
4	Argentina	6	44780.677	18	SouthAmerica	18416	99.0	10.66	None	59.23
5	Armenia	1	2957.731	17	Asia	3500.0	98.6	4	0.239	44.90
6	Australia	6	25203.198	9	Austria	29000.0	100.0	5	0.038	25.666417288436907
7	Austria	2	8955.102	34	Europe	30000.0	98.0	-1	0.018	52.73
8	Bahamas	1	389.482	78	Asia	1900.0	43.1	21	0.199	21.228966308259448
9	Bangladesh	2	163046.161	9	SouthAmerica	34002	None	9.36	None	30.47822432661251
10	Barbados	1	287.025	None	SouthAmerica	15700.0	97.4	4	0.06	38.3906944120402
11	Belgium	3	11539.328	23	Europe	29100.0	98.0	0	0.01	23.726523427085876
12	Belize	4	390.353	None	SouthAmerica	4900.0	94.1	23	0.142	33.83984315201018
13	Bolivia	2	11513.1	29	SouthAmerica	2400.0	87.2	16	0.128	23.32149264012432
14	Brazil	3	211049.527	26	SouthAmerica	7600.0	86.4	10	0.084	34.344975247648655
15	Bulgaria	3	7000.119	14	Europe	7600.0	98.6	-5	0.093	20.440789274271474
16	Cambodia	1	16486.542	22	Asia	1900.0	69.4	17	0.35	25.64937316366306
17	Canada	4	37411.047	None	NorthAmerica	29800.0	97.0	3	0.022	23.94183384203565
18	Chile	2	18952.038	None	SouthAmerica	9900.0	96.2	10	0.06	31.66552155295386
19	China	1	1433783.686	23	Asia	5000.0	90.9	7	0.125	25.72642015541785
20	Colombia	2	50339.443	2	SouthAmerica	6300.0	92.5	15	0.125	61.86
21	Costa Rica	3	5047.561	31	SouthAmerica	9100.0	96.0	14	0.088	40.69501102038909
22	Croatia	1	4130.304	50	Europe	10600.0	98.5	-2	0.07	44.7140709773574
23	Cuba	3	11333.483	78	SouthAmerica	2900.0	97.0	4	0.055	30.164198527193108
24	Cyprus	6	1198.575	None	Asia	19200.0	97.6	5	0.037	None
25	Czech Republic	3	10689.209	12	Europe	15700.0	99.9	-1	0.034	30.711846428980596
26	Denmark	3	5771.876	11	Europe	31100.0	100.0	1	0.018	27.28409908808879
27	Dominica	1	71.808	None	SouthAmerica	5400.0	94.0	9	0.177	32.672582087699986
28	Dominican Republic	3	10738.958	75	SouthAmerica	6000.0	84.7	18	0.112	30.307213035861228
29	Ecuador	2	17373.662	21	SouthAmerica	3300.0	92.5	18	0.07	37.042715714114095
30	Egypt	1	100388.073	2	NORTHERN AFRICA	4000.0	57.7	17	0.149	23.781020583811703
31	El Salvador	6	6453.553	32	SouthAmerica	4800.0	80.2	21	0.099	35.635177653287265
32	Estonia	3	1325.648	7	Europe	12300.0	99.8	-3	0.04	17.89502178920171
33	Ethiopia	3	112078.73	2	Africa	700.0	42.7	23	0.475	26.658749963172124
34	Finland	3	5532.156	7	Europe	27400.0	100.0	1	0.028	31.293363951496872
35	France	4	65129.728	5	Europe	27600.0	99.0	2	0.022	48.96
36	Germany	2	83517.045	37	Europe	27600.0	99.0	-2	0.009	30.413506058643833
37	Greece	2	10473.455	11	Europe	20000.0	97.5	-1	0.054	45.6
38	Grenada	1	112.003	None	SouthAmerica	5000.0	98.0	16	0.054	29.815503585510626
39	Guatemala	3	17581.472	16	SouthAmerica	4100.0	70.6	24	0.227	23.62099962120931
40	Guyana	1	782.766	69	SouthAmerica	4000.0	98.8	10	0.37	34.23635156813152
41	Haiti	1	11263.077	65	SouthAmerica	1600.0	52.9	24	0.28	28.567184774346202
42	Honduras	3	9746.117	25	SouthAmerica	2600.0	76.2	23	0.139	27.1587707896045
43	Hungary	2	9684.679	24	Europe	13900.0	99.4	-4	0.037	26.383181515417217
44	Iceland	4	339.031	None	Europe	30900.0	99.9	7	0.086	31.0787247382566
45	India	3	1366417.754	5	Asia	2900.0	59.5	14	0.186	29.175464503512924
46	Indonesia	6	270625.568	9	Asia	3200.0	87.9	14	0.134	35.71609257877622
47	Iran	1	82913.906	11	Asia	7000.0	79.4	12	0.116	23.992041742901446
48	Iraq	1	39309.783	None	Asia	1500.0	40.4	26	0.073	26.521291569690366
49	Ireland	4	4882.495	2	Europe	29600.0	98.0	7	0.05	30.016529573152507
50	Israel	3	8519.377	15	Asia	19800.0	95.4	11	0.026	28.83147555443557
51	Italy	3	60550.075	10	Europe	26700.0	98.6	-2	0.021	54.6
52	Jamaica	1	2948.279	66	SouthAmerica	3900.0	87.9	14	0.049	28.07652469913837
53	Japan	1	126860.301	None	Asia	28200.0	99.0	0	0.017	36.88843514369528
54	Jordan	1	10101.694	None	Asia	4300.0	91.3	19	0.033	28.319348084202872
55	Kenya	6	52573.973	27	Africa	1000.0	85.1	25	0.163	24.216351638353263
56	Kyrgyzstan	3	6415.85	12	Asia	1600.0	97.0	15	0.353	33.07797038591029
57	Latvia	2	1906.743	150	Europe	10200.0	99.8	-4	0.04	17.056728863774623
58	Liberia	1	4937.374	2	Africa	1000.0	57.5	21	0.769	22.182279227978782
59	Lithuania	1	2759.627	6	Europe	11400.0	99.6	-2	0.055	21.03656569885549
60	Luxembourg	2	615.729	5	Europe	55100.0	100.0	3	0.01	13.151174195886261
61	Malaysia	3	31949.777	7	Asia	9000.0	88.7	17	0.084	30.291713548418738
62	Malta	3	440.372	None	Europe	17700.0	92.8	2	0.03	28.96307142500312
63	Mexico	6	127575.529	19	SouthAmerica	9000.0	92.2	16	0.038	40.69729222257651
64	Netherlands	2	17097.13	15	Europe	28600.0	99.0	2	0.021	None
65	New Zealand	5	4783.063	13	Austria	21600.0	99.0	6	0.043	35.315450932768506
66	Nicaragua	3	6545.502	29	SouthAmerica	2300.0	67.5	20	0.165	31.2583395000787
67	North Korea	1	25666.161	10	Europe	37800.0	100.0	2	0.021	38.68825826742374
68	Norway	4	5378.857	6	Asia	1000	100.0	3.98	None	36.82705238216737
69	Panama	2	4246.439	13	SouthAmerica	6300.0	92.6	16	0.068	39.50257721706073
70	Paraguay	3	7044.636	5	SouthAmerica	4700.0	94.0	25	0.224	23.326222792340484
71	Peru	2	32510.453	21	SouthAmerica	5100.0	90.9	14	0.08	34.55546153048449
72	Philippines	1	108116.615	15	Asia	4600.0	92.6	19	0.144	34.99109366669882
73	Poland	3	37887.768	5	Europe	11100.0	99.8	0	0.05	27.471189416618913
74	Portugal	3	10226.187	27	Europe	18000.0	93.3	0	0.053	56.14
75	Romania	1	19364.557	80	Europe	7000.0	98.4	-1	0.101	61.31
76	Rwanda	1	12626.95	10	Africa	1300.0	70.4	24	0.401	61.37
77	Saint Kitts and Nevis	1	52.823	None	SouthAmerica	5400.0	67.0	14	0.07	59.7
78	Saint Lucia	1	182.79	None	SouthAmerica	18714	None	7.12	None	24.847393728344652
79	Saint Vincent and the Grenadines	1	110.589	None	SouthAmerica	2900.0	96.0	11	0.1	48.2
80	Saudi Arabia	1	34268.528	None	Asia	11800.0	78.8	27	0.033	28.801498535335398
81	Senegal	2	16296.364	14	Africa	1600.0	40.2	23	0.172	19.62837798317014
82	Singapore	6	5804.337	None	Asia	23700.0	92.5	5	0.0	21.896045707219148
83	Slovakia	3	5457.013	40	Europe	13300.0		1	0.035	28.228896861344644
84	Slovenia	3	2078.654	140	Europe	19000.0	99.7	-2	0.028	24.638840370736368
85	South Africa	1	58558.27	4	Africa	10700.0	86.4	-4	0.025	15.868991671939174
86	South Korea	1	51225.308	148	Europe	22000.0	97.9	1	0.04	24.790360341261334
87	Spain	3	46736.776	15	SouthAmerica	4000.0	93.0	11	0.13	35.95897673862395
88	Suriname	1	581.372	39	Europe	26800.0	99.0	0	0.011	25.447157038977338
89	Sweden	4	10036.379	3	Europe	32700.0	99.0	1	0.015	28.034925186771904
90	Switzerland	2	8591.365	24	Asia	7400.0	92.6	6	0.099	34.330969622041906
91	Thailand	1	69625.582	22	Asia	31430	None	2.57	None	37.2901049946857
92	Trinidad and Tobago	1	1394.973	7	Asia	6700.0	86.5	11	0.117	28.2
93	Turkey	2	83429.615	13	Africa	1400.0	69.9	35	0.311	15.718346721557095
94	Uganda	1	44269.594	None	Asia	23200.0	77.9	14	0.04	30.7
95	United Arab Emirates	1	9770.529	32	SouthAmerica	16243	99.0	6.16	None	26.42456507822006
96	United Kingdom	3	67530.172	11	Europe	27700.0	99.0	0	0.005	19.419101693196378
97	United States	1	329064.917	31	NorthAmerica	37800.0	97.0	6	0.01	31.909286323046118
98	Uruguay	2	3461.734	24	SouthAmerica	12800.0	98.0	4	0.093	36.13427976743987
99	Venezuela	2	28515.829	150	SouthAmerica	4800.0	93.4	14	0.04	33.56995966266243
